[Infinite health 999999]
58100000 00930F20
58001000 00000068
58001000 00000090
78000000 00000128
64001000 00000000 000F423F
64000000 00000000 000F423F

[Infinite potion]
58100000 00930F20
58001000 00000068
58001000 00000090
78000000 00000420
64000000 00000000 00000004

[Cells]
58100000 00930F20
58001000 00000068
58001000 00000090
78000000 0000047C
64000000 00000000 000f423f

[Moon Jump Up+B]
80002002
581F0000 00930F20
580F1000 00000068
580F1000 00000090
780F0000 000000B4
640F0000 00000000 BFE00000
20000000

[255 brutality/tactics/survival]
58100000 00930F20
58001000 00000068
58001000 00000090
78000000 00000150
64001000 00000000 000000FF
64001000 00000000 000000FF
64000000 00000000 000000FF

[no CD]
58100000 00930F20
58001000 00000068
58001000 00000090
58001000 00000338
58001000 00000010
58001000 00000060
78000000 000000A4
64000000 00000000 00000000
78000000 00000148
64000000 00000000 00000000

[gold 2000000000]
58100000 00930F20
58001000 00000068
58001000 00000080
78000000 00000058
64000000 00000000 77359400

[40 brutality/tactics/survival]
58100000 00930F20
58001000 00000068
58001000 00000090
78000000 00000150
64001000 00000000 00000028
64001000 00000000 00000028
64000000 00000000 00000028

[Infinite health]
58100000 00930F20
58001000 00000068
58001000 00000090
78000000 00000128
64001000 00000000 0000270f
64000000 00000000 0000270f



