[Inf Shield]
58000000 039CEA50
58001000 000000A0
58001000 00000000
58001000 00000050
58001000 00000020
58001000 00000040
58001000 00000068
58001000 00000130
78000000 000000C4
64000000 00000000 41100000

[Inf Missile]
58000000 03E271C8
58001000 000000A0
58001000 00000010
58001000 00000020
58001000 00000050
58001000 00000108
78000000 00000070
64000000 00000000 00000010

[Inf Life]
58000000 039CEA50
58001000 000000A0
58001000 00000000
58001000 00000050
58001000 00000020
58001000 00000038
58001000 00000018
78000000 00000034
64000000 00000000 41100000

[Invincible]
58000000 039CEA50
58001000 000000A0
58001000 00000000
58001000 00000050
58001000 00000020
58001000 00000038
58001000 00000018
78000000 00000040
64000000 00000000 00000100

