[19 StartUp characteristic pts]
580D0000 02730260
580D1000 000000B8
580D1000 00000010
780D0000 00000150
640D0000 00000000 00000013

[99 ability pts]
580D0000 02730260
580D1000 000000B8
580D1000 00000010
580D1000 00000088
580D1000 00000010
580D1000 00000020
580D1000 00000100
580D1000 00000078
780D0000 0000005C
640D0000 00000000 00000063

[99 Ability tree pts]
580D0000 02730260
580D1000 000000B8
580D1000 00000010
580D1000 00000088
580D1000 00000010
580D1000 00000020
580D1000 00000100
580D1000 00000078
780D0000 00000060
640D0000 00000000 00000063

[99 Agility]
580D0000 02730260
580D1000 000000B8
580D1000 00000010
580D1000 00000088
580D1000 00000010
580D1000 00000020
580D1000 00000100
580D1000 00000078
780D0000 00000040
640D0000 00000000 00000063

[99 Charisma]
580D0000 02730260
580D1000 000000B8
580D1000 00000010
580D1000 00000088
580D1000 00000010
580D1000 00000020
580D1000 00000100
580D1000 00000078
780D0000 00000034
640D0000 00000000 00000063

[99 Endurance]
580D0000 02730260
580D1000 000000B8
580D1000 00000010
580D1000 00000088
580D1000 00000010
580D1000 00000020
580D1000 00000100
580D1000 00000078
780D0000 00000030
640D0000 00000000 00000063

[99 Intelligence]
580D0000 02730260
580D1000 000000B8
580D1000 00000010
580D1000 00000088
580D1000 00000010
580D1000 00000020
580D1000 00000100
580D1000 00000078
780D0000 00000038
640D0000 00000000 00000063

[99 Perception]
580D0000 02730260
580D1000 000000B8
580D1000 00000010
580D1000 00000088
580D1000 00000010
580D1000 00000020
580D1000 00000100
580D1000 00000078
780D0000 0000002C
640D0000 00000000 00000063

[99 StartUp ability pts]
580D0000 02730260
580D1000 000000B8
580D1000 00000010
580D1000 00000088
580D1000 00000068
780D0000 000000CC
640D0000 00000000 00000063

[99 strenght]
580D0000 02730260
580D1000 000000B8
580D1000 00000010
580D1000 00000088
580D1000 00000010
580D1000 00000020
580D1000 00000100
580D1000 00000078
780D0000 00000028
640D0000 00000000 00000063

[999 Skill pts]
580D0000 02730260
580D1000 000000B8
580D1000 00000010
580D1000 00000088
580D1000 00000010
580D1000 00000020
580D1000 00000100
580D1000 00000078
780D0000 00000058
640D0000 00000000 000003E7

[999 StartUp Skill pts]
580D0000 02730260
580D1000 000000B8
580D1000 00000010
580D1000 00000088
580D1000 00000068
780D0000 000000C8
640D0000 00000000 000003E7

[Infinite Boost 9999]
580F0000 06A1F990
580F1000 000000A0
580F1000 00000000
580F1000 00000040
780F0000 000001BC
640F0000 00000000 461C3C00
780F0000 00000050
640F0000 00000000 461C3C00

[Infinite HP 9999]
580F0000 06A1F990
580F1000 000000A0
580F1000 00000000
580F1000 00000040
780F0000 00000070
640F0000 00000000 461C3C00
780F0000 00000148
640F0000 00000000 461C3C00

[Infinite L Ammo]
80000040
580F0000 06A1F990
580F1000 000000A0
580F1000 00000000
580F1000 00000040
580F1000 00000200
580F1000 00000010
580F1000 00000028
580F1000 00000040
780F0000 0000002C
680F0000 000003E7 000003E7
20000000

[Infinite Y Ammo]
80000008
580F0000 06A1F990
580F1000 000000A0
580F1000 00000000
580F1000 00000040
580F1000 00000200
580F1000 00000010
580F1000 00000020
580F1000 00000040
780F0000 0000002C
680F0000 000003E7 000003E7
20000000

[Invincible]
580F0000 06A1F990
580F1000 000000A0
580F1000 00000000
580F1000 00000040
780F0000 000002B0
610F0000 00000000 00000001

[Lock movement pts]
580D0000 02730260
580D1000 000000B8
580D1000 00000010
580D1000 00000088
580D1000 00000010
580D1000 00000020
780D0000 00000070
640D0000 00000000 00000020

[No damage (Invincible)]
580D0000 02730260
580D1000 000000B8
580D1000 00000010
580D1000 00000088
580D1000 00000010
580D1000 00000020
780D0000 00000074
640D0000 00000000 00000000