[Infinite Pink orbs]
58000000 0297E190
58001000 00000030
58001000 00000030
58001000 000000A0
78000000 0000000C
64000000 00000000 000F423F

[Infinite yen]
58000000 0297E190
58001000 00000030
58001000 00000030
58001000 000000A0
78000000 00000014
64000000 00000000 000F423F

[Infinite Health]
58000000 0297E190
58001000 00000030
58001000 000000A0
58001000 00000040
78000000 00000014
64000000 00000000 000003E7

[Infinite Red]
58000000 0297E190
58001000 00000030
58001000 00000030
58001000 000000A0
78000000 00000010
64000000 00000000 000F423F

[Infinite Blue]
58000000 0297E190
58001000 00000030
58001000 00000030
58001000 000000A0
78000000 00000008
64000000 00000000 000F423F

