[Splatoon 2 *BAN RISK*]

[Night mode in every stages (client sided)]
04100000 09694898 00000002
04100000 09694AC8 00000002
04100000 09694CF8 00000002
04100000 09694F28 00000002
04100000 09695158 00000002
04100000 09695388 00000002
04100000 096955B8 00000002
04100000 096957E8 00000002
04100000 09695A18 00000002
04100000 09695C48 00000002
04100000 09695E78 00000002
04100000 096960A8 00000002
04100000 096962D8 00000002
04100000 09696508 00000002
04100000 09696738 00000002
04100000 09696968 00000002
04100000 09696B98 00000002
04100000 09696DC8 00000002
04100000 09696FF8 00000002
04100000 09697228 00000002
04100000 09697458 00000002
04100000 09697688 00000002
04100000 096978B8 00000002
04100000 09697AE8 00000002
04100000 0969AF68 00000002