[Inf HP]
58000000 034AA818
58001000 000000B8
58001000 00000000
58001000 00000040
58001000 00000050
58001000 00000020
78000000 00000014
64000000 00000000 447A0000
78000000 00000008
64000000 00000000 447A0000

[Inf SP]
58000000 034AA818
58001000 000000B8
58001000 00000000
58001000 00000048
58001000 00000050
58001000 00000020
78000000 00000014
64000000 00000000 443B8000
78000000 00000008
64000000 00000000 443B8000

[Moon Jump]
80000001
58000000 034AA818
58001000 000000B8
58001000 00000000
58001000 00000040
58001000 000000A8
58001000 000000A0
78000000 0000007C
64000000 00000000 42900000
20000000

[Speed Up]
58000000 034AA818
58001000 000000B8
58001000 00000000
58001000 00000040
58001000 000000A8
58001000 000000A0
78000000 00000348
64000000 00000000 42500000