[Attack buf 10]
58000000 0CEBEFF8
58001000 00000390
58001000 00000020
58001000 00000060
78000000 00000020
64000000 00000000 0000000A

[defense buf 20]
58000000 0CEBEFF8
58001000 00000390
58001000 00000020
58001000 00000060
78000000 00000024
64000000 00000000 00000014

[endurance buf 50]
58000000 0CEBEFF8
58001000 00000390
58001000 00000020
58001000 00000060
78000000 0000002C
64000000 00000000 00000032

[Hp buf 50]
58000000 0CEBEFF8
58001000 00000390
58001000 00000020
58001000 00000060
78000000 00000028
64000000 00000000 00000032

[hp lock max 200]
58000000 0CEBEFF8
58001000 00000390
58001000 00000020
78000000 00000014
64000000 00000000 000000C8

[lock hp 200]
58000000 0CEBEFF8
58001000 00000390
58001000 00000020
78000000 00000010
64000000 00000000 000000C8