[Engine Cannot Break]
58000000 0335CAC8
58001000 00000190
58001000 00000028
58001000 00000020
78000000 00000150
64000000 00000000 00000000
78000000 00000008
64000000 00000000 00000000

[Max Score]
58000000 0335CAC8
58001000 00000190
58001000 00000028
58001000 00000020
78000000 00000194
64000000 00000000 4B18967F

[Transmission Cannot Break]
58000000 0335CAC8
58001000 00000190
58001000 00000028
58001000 00000020
78000000 00000150
64000000 00000000 00000000

[Wheels Cannot Break]
58000000 0335CAC8
58001000 00000190
58001000 00000028
58001000 00000020
78000000 0000013C
64000000 00000000 00000000
78000000 00000004
64000000 00000000 00000000
78000000 00000004
64000000 00000000 00000000
78000000 00000004
64000000 00000000 00000000