[54 Skill points]
58000000 03FA5538
58001000 000000B8
58001000 00000018
58001000 00000068
78000000 00000020
64000000 00000000 00000036

[Ability:Bash]
58000000 03FA5538
58001000 000000B8
58001000 00000018
58001000 00000090
58001000 00000020
78000000 00000010
64000000 00000000 00000001

[Ability:Charge Flame]
58000000 03FA5538
58001000 000000B8
58001000 00000018
58001000 00000090
58001000 00000028
78000000 00000010
64000000 00000000 00000001

[Ability:Charge Jump]
58000000 03FA5538
58001000 000000B8
58001000 00000018
58001000 00000090
58001000 00000048
78000000 00000010
64000000 00000000 00000001

[Ability:Climb]
58000000 03FA5538
58001000 000000B8
58001000 00000018
58001000 00000090
58001000 00000060
78000000 00000010
64000000 00000000 00000001

[Ability:Dash]
58000000 03FA5538
58001000 000000B8
58001000 00000018
58001000 00000090
58001000 00000150
78000000 00000010
64000000 00000000 00000001

[Ability:Double Jump]
58000000 03FA5538
58001000 000000B8
58001000 00000018
58001000 00000090
58001000 00000040
78000000 00000010
64000000 00000000 00000001

[Ability:Kuro's Feather]
58000000 03FA5538
58001000 000000B8
58001000 00000018
58001000 00000090
58001000 00000068
78000000 00000010
64000000 00000000 00000001

[Ability:Light Burst]
58000000 03FA5538
58001000 000000B8
58001000 00000018
58001000 00000090
58001000 00000148
78000000 00000010
64000000 00000000 00000001

[Ability:Spirit Flame]
58000000 03FA5538
58001000 000000B8
58001000 00000018
58001000 00000090
58001000 00000070
78000000 00000010
64000000 00000000 00000001

[Ability:Stomp]
58000000 03FA5538
58001000 000000B8
58001000 00000018
58001000 00000090
58001000 00000038
78000000 00000010
64000000 00000000 00000001

[Ability:Wall Jump]
58000000 03FA5538
58001000 000000B8
58001000 00000018
58001000 00000090
58001000 00000030
78000000 00000010
64000000 00000000 00000001

[B01:Rekindle]
58000000 03FA5538
58001000 000000B8
58001000 00000018
58001000 00000090
58001000 00000100
78000000 00000010
64000000 00000000 00000001

[B02:Regroup]
58000000 03FA5538
58001000 000000B8
58001000 00000018
58001000 00000090
58001000 00000108
78000000 00000010
64000000 00000000 00000001

[B03:Charge flame efficiency]
58000000 03FA5538
58001000 000000B8
58001000 00000018
58001000 00000090
58001000 00000110
78000000 00000010
64000000 00000000 00000001

[B04:Air Dash]
58000000 03FA5538
58001000 000000B8
58001000 00000018
58001000 00000090
58001000 00000168
78000000 00000010
64000000 00000000 00000001

[B05:Ultra Soul Link]
58000000 03FA5538
58001000 000000B8
58001000 00000018
58001000 00000090
58001000 00000118
78000000 00000010
64000000 00000000 00000001

[B06:Charge Dash]
58000000 03FA5538
58001000 000000B8
58001000 00000018
58001000 00000090
58001000 00000160
78000000 00000010
64000000 00000000 00000001

[B07:Water Breath]
58000000 03FA5538
58001000 000000B8
58001000 00000018
58001000 00000090
58001000 00000088
78000000 00000010
64000000 00000000 00000001

[B08:Soul Link Efficiency]
58000000 03FA5538
58001000 000000B8
58001000 00000018
58001000 00000090
58001000 00000120
78000000 00000010
64000000 00000000 00000001

[B09:Triple Jump]
58000000 03FA5538
58001000 000000B8
58001000 00000018
58001000 00000090
58001000 000000A0
78000000 00000010
64000000 00000000 00000001

[B10:Ultra Defense]
58000000 03FA5538
58001000 000000B8
58001000 00000018
58001000 00000090
58001000 000000B0
78000000 00000010
64000000 00000000 00000001

[Free Skill Unlocking]
04000000 001F7D38 52800000

[Free Skill Unlocking Off]
04000000 001F7D38 B8686A60

[Inf Double Jump]
04000000 00232BF8 52800020

[Inf Double Jump Off]
04000000 00232BF8 9400001E

[Inf Mana]
58000000 03FA5538
58001000 000000B8
58001000 00000018
58001000 00000070
78000000 00000028
64000000 00000000 41700000

[Inf Single Jump]
04000000 00232B8C 52800020

[Inf Single Jump Off]
04000000 00232B8C 97FCF575

[Invulnerable]
04000000 00234BD0 D65F03C0

[Invulnerable Off]
04000000 00234BD0 D10283FF

[No Damage]
04000000 0023534C 1E20400A

[No Damage Off]
04000000 0023534C 1E29380A

[P01:Spirit Magnet]
58000000 03FA5538
58001000 000000B8
58001000 00000018
58001000 00000090
58001000 00000050
78000000 00000010
64000000 00000000 00000001

[P02:Map Markers]
58000000 03FA5538
58001000 000000B8
58001000 00000018
58001000 00000090
58001000 000000D8
78000000 00000010
64000000 00000000 00000001

[P03:Life Efficiency]
58000000 03FA5538
58001000 000000B8
58001000 00000018
58001000 00000090
58001000 000000B8
78000000 00000010
64000000 00000000 00000001

[P04:Ultra Spirit Magnet]
58000000 03FA5538
58001000 000000B8
58001000 00000018
58001000 00000090
58001000 00000058
78000000 00000010
64000000 00000000 00000001

[P05:Energy Efficiency]
58000000 03FA5538
58001000 000000B8
58001000 00000018
58001000 00000090
58001000 000000E0
78000000 00000010
64000000 00000000 00000001

[P06:Ability Markers]
58000000 03FA5538
58001000 000000B8
58001000 00000018
58001000 00000090
58001000 000000F8
78000000 00000010
64000000 00000000 00000001

[P07:Spirit effeciency]
58000000 03FA5538
58001000 000000B8
58001000 00000018
58001000 00000090
58001000 00000080
78000000 00000010
64000000 00000000 00000001

[P08:Life markers]
58000000 03FA5538
58001000 000000B8
58001000 00000018
58001000 00000090
58001000 000000E8
78000000 00000010
64000000 00000000 00000001

[P09:Energy Markers]
58000000 03FA5538
58001000 000000B8
58001000 00000018
58001000 00000090
58001000 000000F0
78000000 00000010
64000000 00000000 00000001

[P10:Sense]
58000000 03FA5538
58001000 000000B8
58001000 00000018
58001000 00000090
58001000 000000C0
78000000 00000010
64000000 00000000 00000001

[R01:Quick Flame]
58000000 03FA5538
58001000 000000B8
58001000 00000018
58001000 00000090
58001000 000000D0
78000000 00000010
64000000 00000000 00000001

[R02:Spark Flame]
58000000 03FA5538
58001000 000000B8
58001000 00000018
58001000 00000090
58001000 00000130
78000000 00000010
64000000 00000000 00000001

[R03:Charge Flame Burn]
58000000 03FA5538
58001000 000000B8
58001000 00000018
58001000 00000090
58001000 00000098
78000000 00000010
64000000 00000000 00000001

[R04:Split Flame]
58000000 03FA5538
58001000 000000B8
58001000 00000018
58001000 00000090
58001000 00000128
78000000 00000010
64000000 00000000 00000001

[R05:Ultra Light Burst]
58000000 03FA5538
58001000 000000B8
58001000 00000018
58001000 00000090
58001000 00000158
78000000 00000010
64000000 00000000 00000001

[R06:Cinder Flame]
58000000 03FA5538
58001000 000000B8
58001000 00000018
58001000 00000090
58001000 00000138
78000000 00000010
64000000 00000000 00000001

[R07:Ultra Stomp]
58000000 03FA5538
58001000 000000B8
58001000 00000018
58001000 00000090
58001000 000000C8
78000000 00000010
64000000 00000000 00000001

[R08:Rapid Flame]
58000000 03FA5538
58001000 000000B8
58001000 00000018
58001000 00000090
58001000 00000078
78000000 00000010
64000000 00000000 00000001

[R09:Charge Flame Blast]
58000000 03FA5538
58001000 000000B8
58001000 00000018
58001000 00000090
58001000 00000090
78000000 00000010
64000000 00000000 00000001

[R10:Ultra Split Flame]
58000000 03FA5538
58001000 000000B8
58001000 00000018
58001000 00000090
58001000 00000140
78000000 00000010
64000000 00000000 00000001

[Unknown 1]
58000000 03FA5538
58001000 000000B8
58001000 00000018
58001000 00000090
58001000 00000170
78000000 00000010
64000000 00000000 00000001

[Unknown 2]
58000000 03FA5538
58001000 000000B8
58001000 00000018
58001000 00000090
58001000 000000A8
78000000 00000010
64000000 00000000 00000001