[Inf Health and Armor]
58000000 04383208
78000000 000020E4
61000000 00000000 000000C8
58000000 03B925D0
78000000 0007DEE4
61000000 00000000 000000C8
58000000 04383208
78000000 000020E8
61000000 00000000 000000C8

[Low Mission Time]
580F0000 04383208
780F0000 0051E2FC
610F0000 00000000 0000000A

[Have Weapons and Inf Ammo]
58000000 04383208
78000000 00002144
61000000 00000000 00000001
58000000 04383208
78000000 00002148
61000000 00000000 00000001
58000000 04383208
78000000 0000214C
61000000 00000000 00000001
58000000 04383208
78000000 00002150
61000000 00000000 00000001
58000000 04383208
78000000 00002154
61000000 00000000 00000001
58000000 04383208
78000000 00002160
61000000 00000000 000000C8
58000000 04383208
78000000 00002164
61000000 00000000 00000032
58000000 04383208
78000000 00002168
62000000 00000000 0000012C
58000000 04383208
78000000 0000216C
61000000 00000000 00000032

[IDBEHOLD L]
580F0000 04383208
780F0000 00002105
610F0000 00000000 00000010

[Inf Ammo]
58000000 04383208
78000000 00002160
61000000 00000000 000000C8
58000000 04383208
78000000 00002164
61000000 00000000 00000032
58000000 04383208
78000000 00002168
62000000 00000000 0000012C
58000000 04383208
78000000 0000216C
61000000 00000000 00000032

[Inf HP AP]
58000000 04383208
78000000 000020E4
61000000 00000000 000000C8
58000000 04383208
78000000 000020E8
61000000 00000000 000000C8

[IDDQD]
580F0000 04383208
780F0000 0000218C
610F0000 00000000 00000002

[IDKFA]
58000000 04383208
78000000 00002114
61000000 00000000 00000001
58000000 04383208
78000000 00002118
61000000 00000000 00000001
58000000 04383208
78000000 0000211C
61000000 00000000 00000001
58000000 04383208
78000000 00002144
61000000 00000000 00000001
58000000 04383208
78000000 00002148
61000000 00000000 00000001
58000000 04383208
78000000 0000214C
61000000 00000000 00000001
58000000 04383208
78000000 00002150
61000000 00000000 00000001
58000000 04383208
78000000 00002154
61000000 00000000 00000001
58000000 04383208
78000000 00002160
61000000 00000000 000000C8
58000000 04383208
78000000 00002164
61000000 00000000 00000032
58000000 04383208
78000000 00002168
62000000 00000000 0000012C
58000000 04383208
78000000 0000216C
61000000 00000000 00000032